day	hour	value
1	1	127
1	2	119
1	3	124
1	4	146
1	5	19
2	1	151
2	2	149
2	3	177
2	4	162
2	5	227
2	6	297
2	7	390
2	8	471
2	9	463
2	10	539
2	11	512
2	12	538
2	13	618
2	14	585
2	15	576
2	16	563
2	17	481
2	18	438
2	19	433
2	20	438
2	21	439
2	22	305
2	23	260
2	24	245
3	1	188
3	2	196
3	3	197
3	4	185
3	5	289
3	6	362
3	7	423
3	8	562
3	9	568
3	10	618
3	11	588
3	12	593
3	13	636
3	14	630
3	15	619
3	16	589
3	17	454
3	18	518
3	19	478
3	20	463
3	21	496
3	22	401
3	23	302
3	24	253
4	1	217
4	2	181
4	3	185
4	4	201
4	5	271
4	6	350
4	7	489
4	8	576
4	9	596
4	10	666
4	11	641
4	12	594
4	13	655
4	14	706
4	15	737
4	16	591
4	17	534
4	18	461
4	19	517
4	20	488
4	21	488
4	22	401
4	23	285
4	24	244
5	1	220
5	2	188
5	3	190
5	4	198
5	5	309
5	6	399
5	7	450
5	8	569
5	9	577
5	10	615
5	11	648
5	12	599
5	13	666
5	14	640
5	15	667
5	16	625
5	17	524
5	18	478
5	19	492
5	20	465
5	21	438
5	22	397
5	23	292
5	24	243
6	1	205
6	2	169
6	3	192
6	4	196
6	5	281
6	6	318
6	7	474
6	8	538
6	9	507
6	10	635
6	11	562
6	12	572
6	13	589
6	14	587
6	15	585
6	16	539
6	17	467
6	18	466
6	19	427
6	20	395
6	21	410
6	22	326
6	23	275
6	24	201
7	1	144
7	2	141
7	3	106
7	4	131
7	5	171
7	6	210
7	7	211
7	8	231
7	9	258
7	10	241
7	11	275
7	12	225
7	13	256
7	14	238
7	15	250
7	16	286
7	17	292
7	18	308
7	19	258
7	20	261
7	21	213
7	22	209
7	23	175
7	24	152
