day	hour	value
1	1	524
1	2	442
1	3	390
1	4	444
1	5	427
1	6	505
2	1	548
2	2	528
2	3	525
2	4	562
2	5	735
2	6	968
2	7	1328
2	8	1632
2	9	1671
2	10	1730
2	11	1685
2	12	1714
2	13	2067
2	14	2048
2	15	2121
2	16	1986
2	17	1676
2	18	1624
2	19	1677
2	20	1458
2	21	1497
2	22	1238
2	23	836
2	24	689
3	1	617
3	2	653
3	3	639
3	4	731
3	5	849
3	6	1189
3	7	1551
3	8	1820
3	9	1848
3	10	2140
3	11	1990
3	12	2061
3	13	2181
3	14	2416
3	15	2278
3	16	2284
3	17	1796
3	18	1778
3	19	1683
3	20	1659
3	21	1487
3	22	1320
3	23	1020
3	24	729
4	1	632
4	2	606
4	3	662
4	4	676
4	5	855
4	6	1126
4	7	1501
4	8	1790
4	9	1938
4	10	2107
4	11	1979
4	12	2008
4	13	2235
4	14	2414
4	15	2426
4	16	2323
4	17	1972
4	18	1677
4	19	1811
4	20	1631
4	21	1563
4	22	1402
4	23	1001
4	24	925
5	1	726
5	2	598
5	3	557
5	4	633
5	5	969
5	6	1174
5	7	1466
5	8	1769
5	9	1850
5	10	2025
5	11	1884
5	12	2110
5	13	2386
5	14	2547
5	15	2339
5	16	2333
5	17	1851
5	18	1832
5	19	1795
5	20	1610
5	21	1515
5	22	1222
5	23	982
5	24	714
6	1	631
6	2	566
6	3	632
6	4	618
6	5	896
6	6	1107
6	7	1534
6	8	1826
6	9	1873
6	10	1866
6	11	1955
6	12	1952
6	13	2110
6	14	2101
6	15	2181
6	16	1941
6	17	1757
6	18	1501
6	19	1611
6	20	1444
6	21	1304
6	22	1053
6	23	906
6	24	738
7	1	511
7	2	448
7	3	417
7	4	339
7	5	484
7	6	640
7	7	633
7	8	677
7	9	798
7	10	854
7	11	890
7	12	862
7	13	900
7	14	857
7	15	1039
7	16	960
7	17	1046
7	18	845
7	19	954
7	20	898
7	21	794
7	22	675
7	23	638
7	24	565
