day	hour	value
1	1	142
1	2	92
1	3	117
1	4	132
1	5	17
2	1	135
2	2	150
2	3	145
2	4	174
2	5	194
2	6	272
2	7	359
2	8	441
2	9	461
2	10	542
2	11	537
2	12	523
2	13	542
2	14	556
2	15	532
2	16	546
2	17	488
2	18	412
2	19	443
2	20	394
2	21	395
2	22	318
2	23	252
2	24	195
3	1	164
3	2	190
3	3	202
3	4	178
3	5	257
3	6	321
3	7	413
3	8	506
3	9	490
3	10	580
3	11	569
3	12	562
3	13	559
3	14	620
3	15	589
3	16	568
3	17	484
3	18	457
3	19	446
3	20	414
3	21	426
3	22	383
3	23	269
3	24	230
4	1	165
4	2	178
4	3	172
4	4	233
4	5	268
4	6	324
4	7	412
4	8	523
4	9	563
4	10	629
4	11	585
4	12	528
4	13	555
4	14	611
4	15	608
4	16	574
4	17	493
4	18	471
4	19	456
4	20	456
4	21	415
4	22	380
4	23	268
4	24	248
5	1	198
5	2	166
5	3	173
5	4	220
5	5	257
5	6	318
5	7	424
5	8	482
5	9	552
5	10	620
5	11	574
5	12	581
5	13	519
5	14	628
5	15	656
5	16	601
5	17	500
5	18	446
5	19	456
5	20	414
5	21	410
5	22	345
5	23	272
5	24	200
6	1	188
6	2	152
6	3	195
6	4	178
6	5	226
6	6	284
6	7	396
6	8	477
6	9	493
6	10	535
6	11	521
6	12	514
6	13	475
6	14	551
6	15	558
6	16	521
6	17	453
6	18	410
6	19	403
6	20	366
6	21	327
6	22	253
6	23	201
6	24	181
7	1	155
7	2	110
7	3	121
7	4	124
7	5	132
7	6	155
7	7	188
7	8	183
7	9	216
7	10	200
7	11	233
7	12	225
7	13	261
7	14	259
7	15	242
7	16	255
7	17	270
7	18	253
7	19	260
7	20	229
7	21	186
7	22	164
7	23	167
7	24	140
